12.0
13.0
114.0
53.0
18.0
432.0
65.0
20.0
4079.0
26.0
15.0
40.0
31.0
2139.0
890.0
1143.0
3813.0
1372.0
79.0
236.0
9.0
1543.0
9.0
2070.0
397.0
97.0
75.0
15.0
336.0
118.0
82.0
1429.0
14.0
135.0
1916.0
69.0
209.0
1143.0
637.0
376.0
78.0
84.0
836.0
1356.0
2892.0
36.0
126.0
38.0
32.0
18.0
423.0
764.0
58.0
29.0
1929.0
472.0
33.0
142.0
26.0
30.0
35.0
384.0
428.0
33.0
18.0
30.0
118.0
24.0
614.0
433.0
34.0
165.0
111.0
98.0
273.0
59.0
27.0
28.0
29.0
550.0
568.0
130.0
391.0
46.0
67.0
1804.0
67.0
53.0
1112.0
2036.0
149.0
913.0
80.0
157.0
32.0
54.0
201.0
154.0
26.0
161.0
31.0
99.0
32.0
2022.0
107.0
3171.0
85.0
1592.0
40.0
957.0
16.0
36.0
713.0
804.0
89.0
53.0
1024.0
178.0
28.0
7.0
31.0
19.0
75.0
68.0
7.0
11.0
871.0
2.0
832.0
89.0
196.0
282.0
50.0
10.0
574.0
87.0
89.0
307.0
269.0
17.0
8.0
4019.0
555.0
352.0
27.0
89.0
5.0
238.0
56.0
186.0
524.0
83.0
10.0
199.0
24.0
83.0
255.0
237.0
677.0
2879.0
4.0
0.0
10.0
1240.0
460.0
31.0
9.0
61.0
2.0
9.0
61.0
42.0
33.0
1111.0
46.0
11.0
239.0
51.0
27.0
269.0
36.0
30.0
53.0
40.0
100.0
46.0
140.0
2774.0
272.0
1224.0
40.0
11.0
39.0
27.0
56.0
243.0
276.0
23.0
72.0
83.0
44.0
7.0
234.0
42.0
42.0
36.0
467.0
18.0
70.0
25.0
19.0
8.0
2.0
37.0
8.0
98.0
17.0
5.0
44.0
163.0
50.0
23.0
3.0
32.0
37.0
88.0
22.0
51.0
362.0
56.0
14.0
251.0
29.0
6.0
100.0
15.0
84.0
122.0
30.0
25.0
23.0
1125.0
293.0
19.0
246.0
68.0
38.0
23.0
5.0
46.0
26.0
25.0
12.0
32.0
35.0
15.0
1.0
4.0
50.0
120.0
0.0
147.0
4.0
349.0
12.0
32.0
26.0
110.0
14.0
9.0
45.0
34.0
16.0
6.0
15.0
269.0
10.0
146.0
41.0
311.0
52.0
47.0
3.0
5.0
12.0
47.0
27.0
1.0
141.0
151.0
10.0
13.0
0.0
8.0
101.0
8.0
276.0
29.0
396.0
2423.0
11.0
0.0
25.0
164.0
10.0
3.0
7.0
1.0
2.0
63.0
19.0
2.0
18.0
8.0
5.0
94.0
0.0
10.0
2.0
28.0
34.0
538.0
11.0
7.0
7.0
36.0
29.0
48.0
45.0
39.0
20.0
4.0
0.0
2.0
25.0
424.0
0.0
132.0
41.0
24.0
3.0
2.0
1.0
61.0
21.0
59.0
119.0
9.0
3.0
1.0
1615.0
29.0
73.0
13.0
12.0
10.0
28.0
30.0
18.0
7.0
11.0
16.0
28.0
56.0
4.0
2.0
33.0
9.0
186.0
25.0
1.0
28.0
8.0
16.0
8.0
48.0
0.0
39.0
6.0
27.0
10.0
14.0
22.0
2.0
13.0
60.0
44.0
7.0
98.0
87.0
6.0
85.0
2839.0
25.0
112.0
23.0
367.0
60.0
44.0
