0.0
0.0
5.600920424081679e-179
0.0
0.0
0.0
0.0
0.0
4.0252794444526677e-23
0.0
0.0
0.0
0.0
2.2778056723340824e-118
4.2457784338769106e-58
5.220183809335592e-14
1.8028445830708485e-82
2.847937161192271e-84
4.378939673868725e-248
2.5329887519912028e-294
0.0
1.490303214275536e-156
0.0
1.2083368365751239e-126
1.1401506309364322e-15
0.0
3.87176161983986e-49
0.0
4.3952234286883314e-259
0.0
0.0
1.517058386746951e-11
0.0
0.0
6.322055177021295e-165
0.0
4.890320234420326e-242
2.5317081412354427e-231
0.0
1.4702225170569902e-71
0.0
1.882854770615178e-155
2.959729683010246e-103
0.0
3.7454431492933397e-183
3.424438394506426e-72
1.8333546043166734e-201
0.0
0.0
0.0
0.0
1.1217125654487134e-242
1.5845496506680553e-113
0.0
1.4695090543688212e-158
0.0
0.0
3.404928698171299e-154
0.0
0.0
8.416894178297625e-224
3.514571556454e-312
2.3344950700541435e-43
0.0
0.0
6.843449121872809e-194
0.0
0.0
0.0
1.4604125084815226e-150
0.0
1.0244211466881065e-151
0.0
0.0
0.0
0.0
0.0
0.0
0.0
0.0
0.0
0.0
0.0
0.0
0.0
6.4001857035955004e-43
6.28192181443501e-238
0.0
1.2892877957497886e-142
6.678918036359948e-107
1.0015400987646252e-124
0.00076907093571467
0.0
0.0
0.0
0.0
0.0
1.8493814158071114e-265
0.0
7.56195003786389e-302
0.0
0.0
0.0
2.5114176157770564e-72
0.0
1.6169401297023284e-129
0.0
5.7928298743280965e-46
0.0
2.1676054912175124e-49
0.0
0.0
0.0
3.4830348357602085e-98
1.657214708095433e-215
0.0
3.322125751292396e-92
1.839511389189748e-167
0.0
0.0
0.0
0.0
0.0
0.0
0.0
0.0
2.76753409795793e-209
0.0
5.059174457801679e-56
0.0
2.0185682581499514e-217
9.954681485412291e-197
0.0
0.0
0.0
7.71457331081283e-288
0.0
0.0
2.198518818959857e-277
0.0
0.0
1.2875803184376604e-06
2.4786111468362437e-10
7.470123971711492e-88
0.0
0.0
0.0
0.0
0.0
0.0
5.013493803624406e-143
0.0
0.0
0.0
0.0
2.4914203250862134e-157
2.7727501302209606e-219
0.0
4.6400760806350695e-149
3.0810201122798583e-18
0.0
0.0
0.0
1.4602723385389203e-44
4.183505559582239e-128
0.0
0.0
1.2719675611481666e-142
0.0
0.0
0.0
3.2291389406648283e-84
0.0
0.0
0.0
0.0
0.0
0.0
0.0
0.0
0.0
0.0
0.0
0.0
0.0
0.0
0.0
0.02393174519828093
0.0
0.00030166205845927476
0.0
0.0
0.0
0.0
0.0
3.457687332147214e-109
0.0
0.0
0.0
0.0
0.0
0.0
9.7134811e-315
0.0
0.0
0.0
0.0
0.0
0.0
7.358502194977876e-65
0.0
0.0
0.0
0.0
0.0
0.0
0.0
0.0
0.0
4.0069809222531335e-70
1.8637911307469188e-272
0.0
0.0
0.0
0.0
7.332983425825211e-282
0.0
0.0
0.0
0.0
1.565032217398233e-217
8.624163891483758e-35
0.0
0.0
0.0
0.0
9.330673856077136e-182
0.0
0.0
0.0
0.0
6.499679475095367e-48
0.0
9.663973662661379e-272
2.2335151654167146e-121
0.0
0.0
0.0
0.0
0.0
0.0
0.0
0.0
0.0
0.0
0.0
0.0
0.0
0.0
0.0
0.0
2.7442624091845927e-293
0.0
0.0
0.0
0.0
0.0
0.0
0.0
0.0
0.0
0.0
0.0
0.0
0.0
4.635724019759492e-79
0.0
0.0
2.118765221049681e-266
9.37602865944888e-289
0.0
0.0
0.0
0.0
0.0
0.0
0.0
0.0
1.2795139579098558e-98
0.0
0.0
0.0
0.0
0.0
0.0
0.0
3.83549012881138e-142
0.0
0.0
1.1034409824546544e-115
5.590889628543137e-303
0.0
0.0
7.181258802357119e-218
0.0
0.0
0.0
0.0
0.0
0.0
5.551360631988303e-93
0.0
0.0
0.0
0.0
0.0
0.0
0.0
0.0
1.571795326348113e-98
0.0
6.017019482957634e-51
0.0
0.0
0.0
0.0
0.0
0.0
0.0
0.0
2.221964623725339e-211
0.0
0.0
0.0
0.0
6.429508691243034e-214
0.0
1.4867255569136743e-178
0.0
0.0
0.0
0.0
0.0
0.0
0.0
0.0
1.5840106805019208e-120
0.0
0.0
0.0
1.1817073666278592e-58
0.0
0.0
0.0
0.0
0.0
0.0
0.0
0.0
0.0
0.0
0.0
0.0
0.0
0.0
0.0
0.0
0.0
6.613451143019494e-98
0.0
0.0
0.0
0.0
0.0
0.0
0.0
0.0
0.0
1.6516991597291434e-298
5.29627506081287e-307
0.0
0.0
0.0
0.0
0.0
0.0
0.0
0.0
0.0
2.355569996181838e-281
0.0
0.0
0.0007078031579116734
0.0
0.0
1.7309801480501208e-45
1.7994845352617767e-223
0.0
0.0
