-0.0349773 0.030190427 0.1341816 0.8706053 
0.25252903 0.401847 0.32148296 0.024141094 
-0.011578262 0.1437276 0.38521373 0.48263687 
0.21792181 0.18101986 0.16169216 0.43936628 
0.16432278 0.055446662 0.2094048 0.57082576 
0.10822763 0.15044759 0.3921634 0.34916142 
0.048267514 0.02005023 0.3284424 0.60323983 
0.02351136 0.32781416 0.25504208 0.39363235 
0.071642004 0.17767426 0.31129178 0.43939173 
0.014257691 0.18289164 0.53122175 0.27162892 
0.06634451 0.26606807 0.07566211 0.59192526 
0.14895268 0.057898957 0.29702747 0.49612084 
0.16221617 0.36577144 0.16976102 0.30225137 
0.07109358 0.23603912 0.2782828 0.41458452 
-0.010097879 0.09802468 0.2729388 0.63913417 
0.011000744 0.15188012 0.32304308 0.514076 
0.0827206 0.23343103 0.3241243 0.35972422 
0.15925293 0.25170097 0.2989496 0.2900966 
0.24662246 0.19052832 0.25280467 0.31004453 
0.1368502 0.109580524 0.31193155 0.44163775 
0.18409993 0.18756709 0.653876 -0.02554302 
0.10696966 0.1755168 0.33866242 0.37885106 
-0.0015134951 0.41446212 0.29842317 0.28862825 
0.05158573 0.13706537 0.24672724 0.56462157 
0.19289526 0.2679346 0.30261964 0.23655044 
0.06829869 0.05401832 0.37528527 0.5023978 
0.17725766 0.31414974 0.32532018 0.18327236 
0.3277911 0.40288687 0.1972751 0.07204706 
0.052902974 0.20035091 0.22440435 0.5223419 
0.16799068 0.15354757 0.36163205 0.3168298 
-0.014791638 0.02595658 0.34094632 0.64788884 
0.018233156 0.17439537 0.33632123 0.47105035 
0.13789952 0.37771696 0.06746491 0.4169187 
0.013357847 0.23937204 0.35194147 0.3953287 
0.08709498 0.13821854 0.26337132 0.5113151 
-0.0024490687 0.2449888 0.40806252 0.3493978 
0.08096659 0.26630723 0.38749084 0.2652353 
0.1305508 0.21993615 0.25099203 0.39852098 
0.13964385 0.13379666 0.24085435 0.4857049 
0.12146612 0.28324473 0.34693447 0.24835473 
0.10933274 0.075186834 0.17170332 0.6437771 
0.22403018 0.23294322 0.33884427 0.20418245 
0.0564587 0.16812482 0.3917105 0.38370612 
0.109036274 0.2663315 0.27316526 0.35146695 
0.14895669 0.23024437 0.2930388 0.3277602 
-0.059363887 0.054696474 0.28942207 0.7152455 
0.11766394 0.21836391 0.44963074 0.21434145 
0.15901724 0.19987634 0.10970142 0.5314053 
0.20186582 0.37696403 0.2901594 0.13101079 
0.29397136 0.27330244 0.34534022 0.08738612 
0.057031788 0.07545904 0.30640504 0.5611041 
0.103399284 0.19762927 0.38036215 0.31860927 
0.19071583 0.30616862 0.37710297 0.12601233 
-0.06448795 0.19135517 0.31285688 0.56027603 
0.10529555 0.17861539 0.26954702 0.44654197 
0.086525224 0.13363765 0.19123955 0.58859783 
-0.05873358 0.1367043 0.2321101 0.6899192 
0.0308015 0.18283103 0.43568933 0.35067812 
0.11853638 0.056556154 0.42557117 0.39933634 
0.25217804 0.19217558 0.19626385 0.35938257 
0.13775927 0.36362562 0.36825773 0.13035752 
0.1934814 0.19350857 0.24103175 0.3719783 
0.20898113 0.24554765 0.26596364 0.27950755 
-0.016884096 0.18544929 0.19601223 0.6354224 
0.08220879 0.107238434 0.6524585 0.15809444 
-0.024320813 0.09837363 0.41179538 0.5141516 
0.13258472 0.2571667 0.42841804 0.18183056 
-0.0036039206 0.2703127 0.23942322 0.49386793 
0.058639966 0.07568755 0.2559619 0.6097107 
0.15758038 0.2275237 0.3443925 0.27050364 
-0.047720287 0.17948459 0.42676783 0.44146785 
0.042874336 0.27688175 0.33632454 0.34391925 
0.25898665 0.24967247 0.26206085 0.22928 
0.12598707 0.3101862 0.3780378 0.18578902 
0.09098858 0.24717522 0.2147434 0.44709265 
0.20951469 0.12808976 0.26495844 0.3974372 
0.09264234 0.2264063 0.5084394 0.17251204 
0.012119412 -0.010686725 0.23220727 0.7663601 
0.073899165 0.042748246 0.14564729 0.73770523 
0.093085445 0.1771186 0.20511913 0.5246769 
0.15404044 0.26056597 0.24589458 0.33949885 
0.1298457 0.14241034 0.41894183 0.3088021 
0.05500108 0.07866685 0.20998672 0.6563452 
0.15126169 0.12614037 0.14682461 0.57577354 
0.18871221 0.19075888 0.416844 0.20368485 
0.08344638 0.13955142 0.34485364 0.43214864 
0.0056642387 0.03953005 0.3859227 0.5688828 
0.16550824 0.28925365 0.42966917 0.115569085 
0.11226225 0.24550237 0.34194186 0.30029353 
0.095050976 0.13178936 0.29283354 0.4803263 
0.20492812 0.20345436 0.31853777 0.27307972 
0.0058837757 0.07880753 0.33155406 0.5837544 
0.06928848 0.32984358 0.2771382 0.32372987 
0.14667635 0.19892107 0.39611652 0.25828603 
0.20017427 0.29494888 0.44045967 0.06441726 
0.029474525 0.25194657 0.18342674 0.5351521 
0.076007605 0.18927425 0.16619672 0.56852126 
0.15964912 0.16804643 0.17528296 0.49702153 
0.26909462 0.24438861 0.1861422 0.30037463 
0.123722136 0.32010555 0.25867078 0.2975016 
0.22377716 0.32683533 0.19270955 0.25667787 
0.07278909 0.12689334 0.47113162 0.32918596 
0.05864356 0.3150022 0.47501507 0.15133922 
0.016173063 0.1132994 0.28505775 0.5854697 
0.13484208 0.23995987 0.16575503 0.459443 
0.056325004 0.12599061 0.33347523 0.48420897 
0.03062824 0.096839935 0.4414375 0.43109432 
0.054472856 0.17717251 0.28105292 0.48730162 
-0.047894288 0.08014417 0.21676071 0.7509895 
0.13574162 0.19129255 0.33664685 0.3363189 
0.23997231 0.37588313 0.71517545 -0.3310309 
0.20570192 0.2158897 0.47275946 0.10564882 
0.15719049 0.17133035 0.23764856 0.43383065 
0.0883948 0.10282799 0.26719737 0.5415797 
0.21842854 0.31304756 0.2721106 0.19641326 
0.06683803 0.31193662 0.3873291 0.23389608 
0.02667961 0.11701909 0.22918124 0.6271201 
0.17065333 0.13944867 0.3223183 0.36757967 
0.24573258 0.3243301 0.42537412 0.004563248 
0.18704587 0.400211 0.404492 0.008251167 
0.097022854 0.1849611 0.07216259 0.6458534 
0.026993364 0.28057784 0.48404193 0.20838688 
0.110187724 0.3189137 0.21898073 0.35191777 
0.19560224 0.25008708 0.15658197 0.39772874 
0.18684876 0.39467937 0.43383405 -0.01536216 
0.25596935 0.48742 0.3922184 -0.1356077 
0.1569666 0.18411355 0.28024727 0.37867272 
0.17254223 0.4025116 0.4599044 -0.034958377 
0.056447566 0.2082881 0.37293997 0.3623244 
-0.0129947215 0.17025341 0.2570526 0.58568865 
0.09681288 0.084952235 0.36701506 0.45121974 
0.0841431 0.27230874 0.2454157 0.39813265 
0.16863018 0.17649888 0.47673938 0.17813158 
0.061419167 0.44533446 0.47014022 0.02310615 
0.10875687 0.1474865 0.20458765 0.53916883 
0.03340489 0.21505406 0.46086317 0.2906778 
0.13577665 0.33301076 0.29941267 0.23179995 
0.16773911 0.19963545 0.20419385 0.42843172 
0.035624214 0.18209554 0.20429556 0.5779847 
0.05196761 0.2501009 0.5675946 0.13033697 
0.14445707 0.33486745 0.53120065 -0.010525119 
0.11078136 0.21259736 0.29458123 0.38204005 
0.047851775 0.11170631 0.38072798 0.45971367 
0.026968235 0.14667153 0.40101483 0.42534536 
0.25679013 0.33430403 0.34872624 0.060179576 
0.09319241 0.23216446 0.15497488 0.51966816 
0.20131244 0.401213 0.43531007 -0.037835557 
0.045771737 0.14419226 0.17387447 0.6361615 
0.049531024 0.21426257 0.14243618 0.5937702 
0.06745907 0.13093151 0.4310458 0.3705636 
0.045751095 0.2297222 0.2692471 0.45527962 
0.08089858 0.334869 0.30952755 0.2747048 
0.15662442 0.24644569 0.5294222 0.06750757 
0.17093688 0.3063797 0.26539388 0.25728944 
0.088031515 0.42752743 0.25637868 0.22806233 
-0.003966709 0.2169412 0.31121212 0.47581333 
0.07315447 0.18252684 0.4320817 0.3122369 
0.16285215 0.2554904 0.21147293 0.37018463 
0.107235596 0.27980757 0.30528042 0.30767643 
0.052909605 0.2001173 0.34221718 0.404756 
0.15478458 0.4049887 0.5119122 -0.071685374 
0.16587298 0.3628003 0.53935605 -0.06802937 
0.16588633 0.2757911 0.523069 0.035253517 
0.12719476 0.15343003 0.29341665 0.42595863 
0.06387134 0.23949401 0.37404907 0.32258558 
-0.0072057066 0.03402761 0.525014 0.4481641 
0.11309745 0.28043425 0.52951163 0.076956324 
0.28685898 0.288306 0.24182639 0.18300861 
0.1473502 0.418156 0.5401195 -0.10562582 
0.30176964 0.35508984 0.09648874 0.24665175 
0.024267694 0.28665945 0.24899316 0.44007978 
0.2684781 0.28774583 0.20575127 0.23802483 
0.13047571 0.25827664 0.48599583 0.12525181 
0.0975685 0.18806148 0.23659207 0.47777787 
0.122003436 0.13496831 0.49330148 0.24972674 
0.05239819 0.3467492 0.64324 -0.04238738 
0.09174872 0.07658942 0.32795638 0.50370556 
0.22782284 0.30080363 0.31736374 0.15400977 
0.0855398 0.06964426 0.48515114 0.35966477 
0.019433953 0.051819738 0.20403914 0.72470707 
-0.0073589007 0.124784 0.14810632 0.7344685 
0.13460913 0.33263987 0.47791365 0.054837324 
0.15952384 0.101029284 0.3964471 0.34299988 
0.25003293 0.22249691 0.3972165 0.13025376 
0.052846726 0.028080005 0.2501126 0.66896075 
0.006531754 0.06985115 0.1585051 0.76511216 
0.08998721 0.13649867 0.15093648 0.62257767 
0.04098467 0.11434461 0.3123116 0.53235906 
0.19470866 0.1807278 0.29090726 0.33365658 
0.005584544 0.07319762 0.24855535 0.6726624 
0.005028349 0.29933536 0.37183958 0.32379672 
0.24991482 0.39720473 0.2366948 0.1161856 
0.03563507 0.12072321 0.53597564 0.30766606 
0.17503177 0.395858 0.34623682 0.08287336 
0.07410599 0.29289693 0.1582862 0.4747108 
0.16210595 0.2492044 0.3700495 0.2186402 
0.118301384 0.26927343 0.22118308 0.39124212 
0.04309747 -0.0114792 0.25699657 0.7113853 
0.15007693 0.09237447 0.35359243 0.4039559 
0.18524678 0.2557772 0.39372826 0.16524786 
0.11272786 0.16587701 0.118414 0.6029812 
0.11643905 0.29576623 0.605036 -0.017241497 
0.014404989 0.17622522 0.27094108 0.5384289 
0.048753504 0.011908758 0.37018296 0.5691548 
0.12853843 0.13461198 0.4581273 0.2787225 
0.10843644 0.34485316 0.4237177 0.122992605 
0.026473882 0.056436315 0.28897172 0.6281179 
0.035945576 0.35850006 0.35693756 0.24861692 
0.27711704 0.24593215 0.29604802 0.18090284 
0.33095238 0.27621302 0.26263797 0.13019668 
0.12800558 0.2694555 0.11599371 0.48654523 
0.1214389 0.29166806 0.5508772 0.036015704 
0.14477436 0.44847694 0.4468382 -0.040089425 
0.1753259 0.30597067 0.14903772 0.36966574 
0.08837165 0.2660337 0.5830393 0.06255545 
0.03153456 0.10865022 0.16013117 0.69968414 
0.07249395 0.13970503 0.54127616 0.24652489 
0.20335858 0.3470599 0.5214945 -0.07191294 
0.10239597 0.035520956 0.29010713 0.57197595 
-0.015171743 0.13555536 0.32692802 0.5526885 
-0.036575176 0.10249374 0.3481333 0.5859481 
0.11236593 0.3071721 0.14549111 0.43497086 
0.1261542 0.34039393 0.5302616 0.0031900252 
0.026476962 0.08341595 0.12684107 0.7632662 
-0.011187813 0.16149099 0.4555282 0.39416865 
-0.021027371 0.13498695 0.26460952 0.6214311 
0.15000023 0.14679958 0.52066565 0.18253459 
0.020964095 0.1564561 0.49374545 0.32883444 
0.08763612 0.097829364 0.21840473 0.59612983 
0.14160508 0.32243416 0.1992592 0.3367014 
0.13427195 0.22807439 0.52413064 0.11352308 
0.049887568 0.27761883 0.30010042 0.37239313 
0.104036056 0.3881199 0.30902332 0.19882071 
0.1322317 0.24683009 0.5553201 0.06561795 
0.21443841 0.22537823 0.19464505 0.36553815 
0.08605364 0.1359035 0.021273408 0.7567695 
0.2009137 0.28915387 0.19487162 0.3150608 
0.047248628 0.24538882 0.41656935 0.29079303 
0.081956565 0.260624 0.4867977 0.1706217 
-0.024232939 0.06037076 0.42055973 0.54330236 
0.07560323 0.28451833 0.5136895 0.12618884 
0.025759058 0.09567823 0.36111373 0.51744896 
0.08509766 0.11129914 0.4059276 0.3976756 
0.28808993 0.30438706 0.1876443 0.2198787 
0.106118254 0.23230807 0.40440917 0.2571645 
0.06953509 0.27498755 0.43782184 0.21765554 
0.054248884 0.046835016 0.42508143 0.4738347 
0.05243711 0.35624075 0.39031908 0.20100299 
0.1521512 0.4070087 0.5740248 -0.13318479 
0.0071265674 0.06663398 0.42216414 0.50407535 
0.027010722 0.19440742 0.08528929 0.6932926 
0.033783715 0.23058973 0.50453657 0.23108989 
0.07069336 0.110039026 0.10518696 0.71408075 
0.20089461 0.14994322 0.17532384 0.47383833 
0.0033334973 0.07866222 0.4708603 0.447144 
0.111579865 0.3258105 0.77865493 -0.21604526 
0.16728713 0.39397916 0.5928071 -0.15407355 
0.19745696 0.3936215 0.5660019 -0.15708031 
-0.005800542 0.009766555 0.2780236 0.7180103 
0.12550631 0.08376165 0.2552298 0.5355022 
0.18204859 0.40919253 0.61780465 -0.20904587 
0.0060224277 0.1802152 0.38484943 0.42891303 
0.09854505 0.3162021 0.6222781 -0.037025213 
0.13102159 0.18980192 0.1950699 0.4841065 
0.25876454 0.3636028 0.22051865 0.15711401 
0.08714662 0.33777323 0.37278473 0.2022955 
-0.019988209 0.105802976 0.13400686 0.7801784 
0.020787397 0.219754 0.25213194 0.50732654 
0.088049844 0.14338103 0.06732471 0.7012444 
0.2814986 0.40688175 0.15254974 0.1590699 
0.23990275 0.18096663 0.2947119 0.28441867 
0.21414852 0.32312497 0.37244233 0.090284176 
0.268523 0.32193276 0.47469798 -0.06515374 
0.11394728 0.38418505 0.49922466 0.0026429011 
0.053677645 0.17359586 0.5551534 0.21757302 
0.16528495 0.1958736 0.3425504 0.29629102 
0.08003931 0.11327096 0.0742828 0.7324069 
0.12904109 0.10855491 0.21330635 0.54909766 
0.10737425 0.18122372 0.50755984 0.20384228 
0.007136492 0.10820265 0.19351804 0.6911428 
0.26549762 0.21642855 0.2657604 0.2523133 
0.12989408 0.22819042 0.129251 0.5126647 
0.19673048 0.44425228 0.41162285 -0.052605707 
0.20439105 0.35528713 0.65872806 -0.21840627 
0.1351023 0.42047513 0.42961 0.01481258 
0.053222947 0.1654047 0.12499485 0.6563776 
0.12842038 0.070152454 0.39102563 0.4104015 
0.19711667 0.40786874 0.6326774 -0.2376628 
-0.021142565 0.05605758 0.26689786 0.69818735 
0.109152116 0.18516712 0.43190542 0.2737754 
0.09359949 0.32891947 0.6765286 -0.09904736 
0.10487514 0.1542214 0.5663193 0.17458421 
0.14333495 0.36044446 0.68830615 -0.19208552 
0.1065503 0.12302308 0.5586079 0.21181877 
-0.0051439954 0.1174635 0.39650664 0.4911739 
0.24006714 0.41703016 0.36849597 -0.025593217 
0.017762661 0.22909893 0.3154784 0.4376601 
0.06917249 0.13882022 0.10358661 0.6884208 
0.10172489 0.22131363 0.21684685 0.4601147 
0.046659626 0.15967621 0.34682962 0.44683468 
0.11674401 0.17751557 0.61014193 0.095598444 
0.124119185 0.35359272 0.7086361 -0.18634807 
0.22805966 0.12549633 0.3989996 0.2474444 
0.05527988 0.22576356 0.2046979 0.51425874 
0.17884342 0.4929475 0.40014076 -0.07193175 
0.18946059 0.40167204 0.67623127 -0.26736388 
0.07356954 0.39907563 0.5538414 -0.026486643 
0.20940888 0.47426724 0.404759 -0.088435166 
0.19970392 0.40258506 0.6347198 -0.23700882 
0.13633965 0.2772827 0.15785256 0.42852503 
-0.055264268 0.14401041 0.3784384 0.5328154 
0.21037716 0.40646467 0.66212225 -0.27896413 
0.058393277 0.13674837 0.6014144 0.20344406 
0.0964001 0.14403568 0.63057274 0.12899138 
0.10482303 0.33509773 0.7109302 -0.15085097 
0.13905948 0.16650862 0.14332843 0.5511035 
0.22695424 0.4729382 0.40213647 -0.102028936 
0.2905895 0.43125126 0.3031579 -0.024998691 
0.19015962 0.46532837 0.40450722 -0.05999527 
0.31355375 0.33031195 0.271308 0.08482642 
0.074967235 0.30938148 0.41006544 0.20558585 
0.18767487 0.24802756 0.2525222 0.31177542 
0.23596509 0.32877642 0.45803612 -0.022777569 
0.027842108 0.3850776 0.32396817 0.26311222 
0.30711585 0.3424552 0.1542664 0.19616254 
0.1825614 0.10751556 0.24990024 0.46002284 
0.17036916 0.29130527 0.087352976 0.45097268 
0.046740178 0.091679096 0.46638262 0.3951981 
0.08854416 0.0688387 0.15370576 0.68891144 
0.12271701 0.08112589 0.45203844 0.34411862 
0.30084407 0.23755495 0.32898283 0.1326182 
0.093207836 0.32917792 0.73991776 -0.16230343 
0.10822845 0.4317126 0.45489442 0.005164591 
0.15774819 0.25143486 0.53254473 0.058272373 
0.15974468 0.09651353 0.18452737 0.5592144 
0.12226611 0.13531199 0.35333407 0.38908786 
0.10275124 0.3374363 0.7485561 -0.18874359 
0.23329858 0.2572769 0.2196907 0.28973392 
0.22645378 0.2274764 0.37055644 0.17551355 
0.011754393 0.20761421 0.49690887 0.28372255 
0.22048095 0.3982452 0.68241096 -0.30113715 
0.21758877 0.37259915 0.6806777 -0.27086568 
0.173863 0.3578658 0.6735171 -0.2052459 
0.065537654 0.16369154 0.50472456 0.26604635 
0.033664413 0.24252412 0.5417176 0.18209389 
0.03825104 0.31169534 0.34535378 0.3047 
0.21754822 0.21803673 0.32928938 0.2351257 
0.12984012 0.2321831 0.6136483 0.02432847 
0.23462844 0.32982835 0.501954 -0.066410825 
0.29378596 0.31700417 0.15657322 0.23263665 
0.050738245 0.15607058 0.27260542 0.5205857 
0.26737994 0.21487549 0.1895554 0.32818913 
0.18802822 0.12193419 0.26125342 0.4287842 
-0.03019801 0.061894055 0.17282833 0.7954756 
0.027694464 0.041052174 0.47407377 0.45717967 
-0.020051703 0.07804672 0.13123533 0.8107696 
0.05888681 0.32359475 0.19875957 0.41875887 
-0.002543683 0.24309562 0.28011876 0.4793292 
-0.0036033427 0.011674175 0.18235148 0.80957764 
0.26942605 0.3971821 0.19538184 0.13801 
0.009184552 0.36975518 0.27783716 0.3432231 
0.038894907 0.3404083 0.34473768 0.2759591 
0.10946559 0.22471169 0.099258095 0.5665646 
0.17763886 0.16716304 0.39897472 0.25622332 
0.3000143 0.31399313 0.1733669 0.21262567 
0.26273128 0.3348139 0.14963455 0.2528202 
0.03001257 0.26978886 0.45004976 0.25014886 
0.006515467 0.05166438 0.114567764 0.82725245 
0.0064267856 0.045750596 0.3059339 0.6418886 
0.13085288 0.38561448 0.22003934 0.26349324 
0.10307267 0.32587713 0.75442743 -0.18337725 
0.1985281 0.14388797 0.37642655 0.28115746 
0.2533598 0.23801179 0.5754389 -0.06681047 
0.05933721 0.3778264 0.4753969 0.08743955 
0.16298285 0.32944304 0.07535655 0.4322177 
0.19721557 0.12686619 0.21406534 0.46185285 
0.103525154 0.33189753 0.7640311 -0.19945383 
0.17788504 0.32727066 0.18782417 0.30702013 
-0.012885214 0.039405446 0.12391394 0.84956586 
0.23232158 0.15741187 0.3440224 0.26624414 
0.17524569 0.23161729 0.5886636 0.0044733486 
0.08912628 0.21757483 0.097515084 0.5957838 
0.018740185 -0.0008307677 0.26737934 0.7147113 
0.21586289 0.21362132 0.61314094 -0.042625148 
0.28570813 0.29954955 0.14113128 0.27361104 
-0.0036007785 0.17227945 0.42072654 0.41059482 
0.26202536 0.20195103 0.2550431 0.28098047 
0.16219485 0.076056235 0.1966845 0.56506443 
0.15642972 0.32191366 0.31303805 0.20861854 
0.14134496 0.08609556 0.3020262 0.47053328 
0.1504696 0.35367617 0.07128381 0.42457053 
0.0796088 0.055415712 0.29817277 0.5668027 
0.08938065 0.177878 0.3253072 0.40743402 
-0.053701952 0.10850431 0.22464441 0.7205533 
0.004797796 0.15132847 0.21263751 0.63123614 
-0.050565828 0.1470606 0.3304257 0.5730796 
0.020120054 0.05233639 0.27542695 0.65211654 
0.07151496 0.29795176 0.22208764 0.40844578 
0.20254025 0.3074767 0.32134196 0.16864106 
