0.00515103675069 0.0418124611064 0.299456016448 0.654590506143 
0.353034783666 0.260672978862 0.264627585821 0.123137475017 
0.0266233370602 0.137753830942 0.333977925421 0.501538250327 
0.201361878249 0.205051949084 0.241553767204 0.352108087486 
0.131444805593 0.14928399685 0.236074880568 0.483255612729 
0.0927212560945 0.178258943989 0.331608096393 0.396926160607 
0.00514703077672 0.0418405425669 0.299533493824 0.654477258753 
0.0569857581618 0.27057237698 0.34868441869 0.323629498751 
0.063794950868 0.204436572163 0.314043822145 0.417649916684 
0.0800812382037 0.154076060137 0.295444918536 0.469627207492 
0.105479301664 0.249130787235 0.186959766029 0.458335138855 
0.11491424288 0.155183638135 0.256951086018 0.472337572235 
0.121794477724 0.26487234351 0.280052731676 0.33260080735 
0.0579347981277 0.212557123777 0.30875795625 0.420685648637 
0.00980173904429 0.0907908871816 0.277966612609 0.621105769611 
0.0231012392566 0.134517633296 0.321127446849 0.52112862118 
0.0922913604847 0.215844301446 0.314170600126 0.377660720951 
0.152740299324 0.234688659143 0.284887642885 0.327678741646 
0.218136061772 0.204038021122 0.220975212847 0.356501303622 
0.110577498587 0.14811926775 0.285642538614 0.455060535057 
0.0806417758954 0.154839532624 0.317524431881 0.446513746758 
0.0682713426208 0.208341797227 0.316155409176 0.407214976746 
0.0780534163897 0.316125463147 0.32532103733 0.280095079283 
0.0565902819644 0.130624289894 0.265737966456 0.546331227522 
0.186845137975 0.245598263935 0.280031115865 0.28752970047 
0.0473025159088 0.123341257698 0.290992112959 0.537756991938 
0.143049279078 0.172833073484 0.253027140412 0.43044144615 
0.404024840062 0.406036512654 0.27746801402 -0.0874955749862 
0.0631671636298 0.201769814262 0.313691101408 0.421312496631 
0.134011882631 0.190204212368 0.310940321384 0.364614889171 
0.00695264263326 0.0742179607953 0.24944334987 0.668967694757 
0.0312778233751 0.162548286002 0.326391309968 0.479704487125 
0.105479411464 0.249130964006 0.186962743935 0.458332695726 
0.0474285569863 0.192975704815 0.319911313807 0.439705478327 
0.084522902238 0.146497918992 0.273878649248 0.494454897523 
0.0681954204198 0.140672608625 0.260988095338 0.529202001501 
0.0919648490209 0.233981056858 0.301404065053 0.372549903164 
0.109084950839 0.2167125644 0.302727376761 0.371488662283 
0.123298505235 0.171148753897 0.269064701254 0.435646073681 
0.122353628951 0.232804753684 0.307322401671 0.337498212021 
0.0978277481495 0.124052591615 0.254296160837 0.523075777643 
0.207233254036 0.236143513635 0.279314137121 0.276823599815 
0.0567654419825 0.168260184292 0.325217817211 0.449574362181 
0.108270150193 0.239697668688 0.2926475585 0.359270564753 
0.125294921453 0.224684202936 0.2966548342 0.353401608562 
0.0208578336364 0.0837015804636 0.257673212261 0.637564300624 
0.0664357804756 0.20601117014 0.33114261973 0.39623334079 
0.14009833621 0.180220759966 0.229489248884 0.449206403888 
0.141975311173 0.316580813745 0.40079130669 0.140412552533 
0.353031805655 0.260673277427 0.264615487504 0.123138156047 
0.0442467825489 0.118221266533 0.26909162402 0.567933943099 
0.0700426141828 0.213289662642 0.306248669421 0.410296103246 
0.178660075621 0.192288532342 0.254872363122 0.373597534913 
0.0476173579417 0.091363377801 0.279584028583 0.581262722872 
0.0774658406523 0.20354947382 0.307017410098 0.411900681097 
0.074440084585 0.142118395521 0.263455704448 0.519144924482 
0.0329409763648 0.0905151395126 0.257598345703 0.618393488602 
0.047824053789 0.155420721666 0.337854453933 0.458759520935 
0.0845219028924 0.146471693822 0.27398819046 0.494387762858 
0.231044536797 0.221275870638 0.241423060302 0.306615905631 
0.141970660446 0.316583624587 0.400788752033 0.140410369523 
0.187505786565 0.197340955636 0.278866830836 0.335585263038 
0.173583164045 0.240743714599 0.283483289788 0.302153633949 
0.0132062124833 0.136966846889 0.22453677651 0.62481008402 
0.0877428764525 0.145605366743 0.404340612106 0.362429820082 
0.0153166413093 0.0994893895769 0.328143610479 0.556870292585 
0.124530073971 0.230044268911 0.302984084468 0.342441695006 
0.0882563876687 0.17521517748 0.317204399455 0.41906040244 
0.0468535017084 0.11914180639 0.271128626738 0.562376866672 
0.132714217277 0.229603371042 0.30117633724 0.336489766509 
0.0646514144765 0.124197268266 0.281711842227 0.528807800181 
0.0858995907401 0.224954205561 0.301896606546 0.387284304146 
0.258859106343 0.234462538092 0.256768423632 0.249713638059 
0.131467562547 0.149274223116 0.236018789721 0.483302069412 
0.0974820334609 0.226705414431 0.296942996796 0.378801762417 
0.168834743565 0.185045015959 0.270404321045 0.374966639626 
0.0889093726645 0.209686872563 0.342076420495 0.359033796002 
0.0168682092883 0.0577583659248 0.271401818897 0.653350489717 
0.0448172908787 0.0727495586468 0.245244740324 0.636752863371 
0.0899180901094 0.167252013214 0.258551617036 0.483568862009 
0.15597766322 0.234686992766 0.284529405128 0.324818400386 
0.117550775303 0.180237129165 0.32002739127 0.382189095794 
0.048847667053 0.112320043902 0.242344522438 0.595767925233 
0.13144607027 0.149290207152 0.236078305877 0.483243550829 
0.161479682051 0.201018937986 0.280411055854 0.356871277784 
0.0713370192175 0.160031411245 0.332147808405 0.436159607769 
0.0187448776344 0.100897885259 0.311636478417 0.56811779843 
0.14197396608 0.316574621584 0.400794910688 0.140408382786 
0.111531257665 0.224713561016 0.312761462612 0.350975768714 
0.0827578061393 0.14440146201 0.29825163649 0.473976780073 
0.178914655975 0.232326802371 0.294852717073 0.293781122246 
0.0112206501573 0.0927905684776 0.303653158285 0.591984123903 
0.0715570111287 0.232303874099 0.330026762301 0.366098028074 
0.139573446147 0.232709977795 0.287059034151 0.340598101874 
0.141979173796 0.316577375957 0.400795965843 0.140405413116 
0.0794824165549 0.188650455743 0.328978010336 0.402773173806 
0.056132551979 0.150977814931 0.257320424687 0.535073256693 
0.128346159816 0.170077170639 0.235529117661 0.465385339819 
0.279047285641 0.249404822571 0.228881240195 0.242408819399 
0.136639915932 0.265910417862 0.258314328852 0.338826309161 
0.238097522416 0.247178262753 0.265944108549 0.24882019344 
0.0730436174403 0.142622626359 0.29816232091 0.485826214017 
0.141961817597 0.316580592655 0.400794415792 0.140398007435 
0.0255538520454 0.104379758987 0.295684822032 0.573858421267 
0.140006432307 0.229391432654 0.267645070092 0.362941549939 
0.0697807378749 0.142298692825 0.324348009176 0.463151454791 
0.035041519005 0.12056101731 0.335527118534 0.50864340929 
0.0458676741772 0.182700608087 0.315069021621 0.45616849152 
0.0273761214496 0.0958822434611 0.254661973552 0.621737881936 
0.105353699541 0.204944738312 0.305349217935 0.384343749903 
0.322448938327 0.367574606119 0.214061734105 0.0980055636186 
0.226635972747 0.248737133235 0.203541180236 0.320980338594 
0.111214479357 0.166537648241 0.271095850299 0.450527705663 
0.0992239714901 0.148507155794 0.268502699955 0.482825019468 
0.221990867932 0.259572343964 0.260050711377 0.258346027422 
0.0627501753171 0.237876521677 0.330713757468 0.368505906065 
0.0341007178734 0.106948059448 0.261038694112 0.597177308762 
0.132403726862 0.168284677556 0.298354203919 0.40014725426 
0.292004617577 0.277335610348 0.229251186716 0.201143729499 
0.141976515207 0.316584178044 0.400792346896 0.14040669457 
0.0950678817594 0.150612224625 0.247165489604 0.506624126763 
0.0569859895744 0.270573231584 0.34868621575 0.323626384982 
0.120342217285 0.254069523109 0.295467271824 0.330088363964 
0.189521295079 0.255717045841 0.256871487075 0.297756399391 
0.141976884302 0.316584079089 0.400792731338 0.140405865033 
0.404023663355 0.406036248638 0.277474807696 -0.0875107695031 
0.156825815176 0.228710272668 0.292444255139 0.321987907374 
0.141974886821 0.316585355185 0.400793065493 0.140405050074 
0.088610639407 0.213603959615 0.305777752034 0.391961581474 
0.0343804987141 0.141424799348 0.319911783845 0.50403284253 
0.0796884872876 0.141638827232 0.314519154569 0.463752970545 
0.0985328250736 0.230388987229 0.288835926134 0.382006455807 
0.114668831524 0.177245072478 0.296392262949 0.411074222094 
0.0790729888682 0.375520052207 0.381925669671 0.163577506681 
0.0950611793654 0.150560189226 0.247304554852 0.506530036411 
0.0446916916962 0.176453637261 0.364497112681 0.413745672444 
0.152244664204 0.192398875497 0.309412164342 0.345615878148 
0.163823724312 0.201314786254 0.243721475279 0.391172083388 
0.0692220449713 0.136092485438 0.229212923161 0.56507095396 
0.0569899096994 0.270573636106 0.348685028524 0.32362899199 
0.141972215253 0.316580884597 0.400796200848 0.140402934273 
0.0950874896056 0.212421615971 0.302734234738 0.389768200924 
0.0509478789606 0.136118600862 0.334811463517 0.477839246122 
0.0350103610676 0.153969933941 0.334434615247 0.476309362388 
0.312126190997 0.29882329032 0.255077898488 0.132859347368 
0.0987983196374 0.148092388914 0.267991415673 0.484163332757 
0.141976659128 0.316582755033 0.40079277565 0.140408426118 
0.047776671077 0.128353446492 0.248555003651 0.575117100604 
0.0706933469692 0.155506340513 0.250230561498 0.522962445578 
0.0612146069951 0.155532057977 0.338403159275 0.444538315634 
0.0569976871863 0.204755154832 0.31946976606 0.418743939527 
0.0715563541287 0.232305130773 0.330025889988 0.366098665275 
0.141974894549 0.316573418682 0.400793771868 0.140407161036 
0.154061857286 0.237730504877 0.292545994699 0.315591767298 
0.112036064096 0.32932444543 0.271353103206 0.287520246178 
0.0374878107976 0.186885784897 0.325765404092 0.449809102181 
0.0780526621719 0.171514331819 0.330337719376 0.419950146511 
0.151089255725 0.23837909106 0.280093071524 0.330387453753 
0.0865859375356 0.233756892886 0.294289470933 0.385301620553 
0.0518536762191 0.189457556255 0.318413960041 0.440231405537 
0.141972468031 0.316585481559 0.400793483846 0.140404968868 
0.141975084392 0.316582883405 0.400794949879 0.140403246315 
0.141975673463 0.3165742692 0.400795370333 0.140405795958 
0.100628649514 0.154203707814 0.31220002303 0.432409133952 
0.0742776665948 0.208789599238 0.318077145452 0.398876193588 
0.00517413927287 0.0417594316476 0.299647360479 0.654425314916 
0.141967002393 0.316576733283 0.4007944212 0.140406797908 
0.270146623019 0.252276577424 0.254778952808 0.222592500692 
0.141971066495 0.316585052143 0.400792797297 0.140406457739 
0.31212373768 0.29882664049 0.255072924446 0.13286845569 
0.0892227941169 0.195144605815 0.332463500987 0.383141230788 
0.249523345232 0.266708685091 0.231370125536 0.25226162147 
0.141971257405 0.316575103375 0.400793000645 0.140406558165 
0.0668484270848 0.194946268434 0.305819178476 0.432439781341 
0.0933376748761 0.1597507693 0.300937726549 0.445161428353 
0.14196378058 0.316577071512 0.400791271434 0.140408144397 
0.0768202024955 0.148901403797 0.279199898013 0.494353046318 
0.236144968469 0.266983751841 0.286497599765 0.210588556939 
0.0630885313474 0.144929836085 0.288092033252 0.503016303578 
0.0273360887012 0.0957889388018 0.254806175388 0.621729932677 
0.0276170963707 0.0971754921659 0.252485094656 0.622339778192 
0.141969794838 0.316580360038 0.40079531423 0.140405160722 
0.124445199641 0.172235775558 0.271817927938 0.430836204421 
0.240857175789 0.224254565566 0.291100119664 0.244035567558 
0.0542721985289 0.0930364257179 0.253314217686 0.5987046908 
0.0121813001666 0.0855524798054 0.238554087921 0.663538385577 
0.0950234667131 0.150478119975 0.247453118024 0.506477131622 
0.0413063393708 0.123351757459 0.317995889053 0.516872026856 
0.195660933793 0.208141342004 0.270714202167 0.325216218722 
0.0126717931167 0.0929307915499 0.266062794562 0.627864083651 
0.0627498886274 0.237875367999 0.330714423405 0.36850560391 
0.312130083226 0.298828957489 0.255081026915 0.132856766919 
0.0566202332827 0.146588112205 0.292573923325 0.503139191664 
0.141974648475 0.316584376262 0.400790370292 0.14040891834 
0.105479586064 0.249131911766 0.186961998018 0.45833335648 
0.146198956032 0.242749181958 0.3013184422 0.309740921708 
0.109413957566 0.241184617203 0.290163433462 0.359171927386 
0.00512932734408 0.0419094563159 0.299030215161 0.654898566365 
0.105716651021 0.159448480944 0.280856129916 0.453203825453 
0.181604585463 0.24311589592 0.295208747401 0.280025146311 
0.0950541017854 0.150568061793 0.247265371707 0.506571383037 
0.141966057555 0.316579752269 0.400793663366 0.140406348558 
0.0438495223091 0.193365079807 0.322521541267 0.440174030883 
0.028546768858 0.0735787899054 0.290162159535 0.607500756541 
0.103204056951 0.155431504113 0.284787673772 0.455735258553 
0.141964907394 0.316581390303 0.400791476691 0.140409990357 
0.019430756839 0.0894765431436 0.260196863793 0.630447611202 
0.0569867043802 0.270572754116 0.348684682601 0.323628448057 
0.290694313436 0.23629977607 0.251005268146 0.222063711607 
0.359779506941 0.248892316893 0.21362261278 0.177934402189 
0.140102879832 0.180227658755 0.229490520572 0.449193537691 
0.14196795257 0.316577343493 0.4007948936 0.140406499235 
0.141971502586 0.316585398735 0.400791717406 0.140408125506 
0.172304281099 0.249266130423 0.229191266743 0.349281081474 
0.141962398521 0.316580625941 0.400792100872 0.140403421183 
0.0349111213844 0.101587062337 0.243573865454 0.619235166684 
0.0825161441877 0.158692517163 0.268572358944 0.48918798874 
0.141978243089 0.316580153314 0.400793689602 0.140406665512 
0.0902432965032 0.112302311935 0.257494530005 0.539296008499 
0.0140597173722 0.0958412976694 0.314901008118 0.574677338585 
0.0196653873005 0.105527732511 0.33225742908 0.542389350272 
0.105479111022 0.249131755134 0.186961772968 0.458333005121 
0.141968473273 0.316581551909 0.400795816641 0.140404036203 
0.0304776669643 0.0859741142061 0.233556487369 0.649809634794 
0.0535563474263 0.136092635592 0.293496890656 0.516135974666 
0.022964311137 0.122076970442 0.340311157601 0.514381647957 
0.131182023872 0.189255425342 0.256724077557 0.422397582772 
0.0631508705491 0.144785834549 0.288238204483 0.502953147903 
0.0650759339594 0.124195453743 0.261827256852 0.548154871118 
0.152956990537 0.253079343019 0.276133575966 0.31790111889 
0.141971530325 0.316577070388 0.400791722619 0.140405191211 
0.0820588050347 0.215007838081 0.304123069476 0.398835100492 
0.141965473325 0.316584438029 0.400790739341 0.140408857756 
0.141971300682 0.31657563296 0.400793328904 0.140406201349 
0.178770452082 0.192680735337 0.254149271646 0.373835189923 
0.0902322086315 0.112276982147 0.257467485086 0.539367229675 
0.191361254308 0.253847501602 0.266427738847 0.288360316765 
0.0689777339672 0.194685326611 0.320879471818 0.41546703468 
0.0715562831496 0.232304559421 0.330027662473 0.366097660764 
0.0416569408202 0.11660168416 0.329035943639 0.512385058172 
0.141960549316 0.316581723958 0.400792680251 0.140400926814 
0.0292136582769 0.122966626048 0.339650015328 0.507837514711 
0.0876589879054 0.16187168688 0.328080219265 0.421960153613 
0.282382439558 0.269969080349 0.216798158207 0.231148859724 
0.111077880819 0.236682451153 0.311888351885 0.340319957078 
0.0781142230316 0.182641247907 0.30830974956 0.430784558495 
0.0375632490305 0.115322260272 0.292293738174 0.553852921806 
0.0569871291146 0.270572232543 0.348683350554 0.323630482391 
0.141971378189 0.316584441816 0.400792944968 0.140406441625 
0.0133437958757 0.0922229365848 0.323133152532 0.571050098511 
0.0132057733584 0.136989352664 0.224536243652 0.624790601022 
0.0824912835708 0.164662458343 0.298154123578 0.454301796835 
0.0566273596211 0.127736387348 0.246882338658 0.568132186896 
0.181674805226 0.181949279126 0.230441498727 0.40576935546 
0.0350816256856 0.114579867274 0.31601358682 0.533899909547 
0.141925007117 0.316597919431 0.400795541585 0.140396088954 
0.141973045739 0.316583251249 0.400793098055 0.140406609141 
0.141974178104 0.316582093967 0.400792976066 0.140408670862 
0.00388886932241 0.0564127817033 0.261777672019 0.677976998424 
0.0950668648974 0.150498437349 0.247430951839 0.506449835575 
0.141973025233 0.316582090865 0.400792113981 0.140408701716 
0.0354769628895 0.174177044197 0.327341880459 0.462830464384 
0.141963043809 0.316581306532 0.400792775896 0.140406796065 
0.116183500923 0.165496215206 0.247116920754 0.470731628947 
0.312116430111 0.298832201038 0.25506248606 0.132879343398 
0.141966290901 0.316581083206 0.400789489581 0.140406459345 
0.0272080684437 0.0954290069923 0.255247805929 0.621780891711 
0.0541289816438 0.19744374762 0.314822424939 0.433558231859 
0.0847293343332 0.135208022664 0.242523765938 0.536645290501 
0.322460163107 0.367539185257 0.214074687114 0.0980268411429 
0.15410688531 0.182769294948 0.241537097438 0.421368027951 
0.258840048415 0.28215728358 0.27351247188 0.185343433072 
0.31213114583 0.298821239313 0.255082860453 0.132856314878 
0.141968233504 0.316583631592 0.400794013529 0.140404940233 
0.0877411751733 0.145607240785 0.404332131178 0.362437363365 
0.141078590138 0.227924888945 0.296216049924 0.33479227308 
0.0367886868428 0.120025788337 0.230755374107 0.611539517016 
0.107431247777 0.146993499806 0.245704677383 0.499396403809 
0.0976024301018 0.170503302756 0.286181638763 0.445214377616 
0.0225548616305 0.103997862878 0.259855065793 0.613030497234 
0.273631989294 0.24333329938 0.273605156659 0.208906626484 
0.111924072216 0.167792854141 0.268758552067 0.450845952609 
0.141972700929 0.316584096428 0.400792497124 0.140411510134 
0.141972602516 0.316581457881 0.40079153873 0.14040911023 
0.141971663242 0.316586090041 0.400791966841 0.140406306264 
0.0664425915637 0.139226013557 0.272023098813 0.521370233053 
0.0975492919382 0.144549973017 0.283027993168 0.473944660517 
0.141972974448 0.316581374066 0.400791616909 0.140410466815 
0.00674129994715 0.0831615838541 0.238433367632 0.671407490099 
0.10023750139 0.190002037097 0.328278754015 0.381060855535 
0.141959881386 0.316581471331 0.400791804569 0.140407799818 
0.0877435111004 0.145606740134 0.404337201798 0.36243084794 
0.14196854949 0.316581868596 0.400792616848 0.140407462172 
0.0877436133632 0.145606318781 0.404337458004 0.362430855313 
0.0197299517806 0.113634914793 0.337637460765 0.52882738477 
0.353030560231 0.26067464135 0.264621051681 0.123144074479 
0.0536584753287 0.200936560735 0.321766488054 0.423603303628 
0.0470707631127 0.127739640528 0.248811526703 0.576168903058 
0.0760007398689 0.224245387002 0.306119836644 0.393524886324 
0.047609941539 0.146376214709 0.336639082694 0.46910808943 
0.087743598896 0.145606535245 0.404338242441 0.362430095089 
0.141962277033 0.316583281435 0.400792242348 0.140407563941 
0.157035484974 0.17326526719 0.272911380294 0.395756621759 
0.0760843289243 0.211023574726 0.311281068415 0.401584873256 
0.14196927349 0.31658489927 0.400790497677 0.140413784116 
0.141972354257 0.316581312046 0.400791311717 0.140409238552 
0.141964727052 0.316578586987 0.400791565549 0.140408463689 
0.322459231886 0.367562917522 0.214075335776 0.0980073619598 
0.141972935765 0.316581296122 0.400791570329 0.140410630489 
0.150340634708 0.252025781318 0.261722534043 0.335345264119 
0.0427257992226 0.106246081773 0.292258672714 0.557793981851 
0.350428583328 0.317266652002 0.259018856149 0.0737065662637 
0.0877426026965 0.14560571444 0.404340538399 0.362429695928 
0.0877431130736 0.145605920251 0.404340350195 0.362429225525 
0.141953945682 0.316585387552 0.400792393485 0.140406208344 
0.128301143726 0.170126777527 0.235546275768 0.465387041023 
0.404014227116 0.406025815089 0.277507842658 -0.0875433908509 
0.404011616272 0.406039215903 0.277484619778 -0.0875111005207 
0.141970729311 0.316584632772 0.400791927871 0.14041278176 
0.350446398727 0.317239266515 0.259034780196 0.0737322106268 
0.079708641108 0.242411650979 0.319401713695 0.358560685551 
0.177290332611 0.24352525919 0.270812351423 0.308226119006 
0.141977568853 0.316576902997 0.400794443603 0.140411605944 
0.0569890261128 0.270571734005 0.34868413463 0.323630473347 
0.312125400913 0.298825447123 0.255071525334 0.132870309112 
0.143066954636 0.17284080773 0.253107071869 0.430346108379 
0.172305313373 0.249265745506 0.229188836864 0.349282496694 
0.054081333703 0.128747007563 0.313499706383 0.503120834456 
0.051750876405 0.106591538577 0.260220267689 0.58127248185 
0.0849270111594 0.150922592148 0.315384638706 0.448336080936 
0.311107312215 0.24521913678 0.247563594422 0.196499100022 
0.14193905606 0.316589916197 0.400793607064 0.140402398739 
0.141969562527 0.316583362142 0.40079194325 0.140407523696 
0.141974944333 0.316573415423 0.400794089821 0.140407032859 
0.131446409635 0.149283665479 0.236069599193 0.483260133406 
0.112141384248 0.164168062307 0.304676045302 0.418646893446 
0.141942980697 0.316589456311 0.400793252379 0.140402919241 
0.207378186964 0.256366600698 0.261696842156 0.274515760204 
0.213368521485 0.244905626383 0.28616463078 0.255253881465 
0.0745483364433 0.142075688872 0.263557360962 0.518990277252 
0.353038768988 0.26067153265 0.26461449679 0.123147815003 
0.141973612344 0.316580780814 0.400789433795 0.140415986241 
0.141972260148 0.316580686476 0.400792760114 0.140407395826 
0.0824905683107 0.164663476997 0.298153791972 0.454302738108 
0.0569885718724 0.270573060588 0.348685261437 0.323628505845 
0.0715563658679 0.232304717821 0.330026612719 0.366098692885 
0.198201458305 0.231922679618 0.296086882821 0.274284880131 
0.141968263081 0.316577820329 0.400791074571 0.140405275981 
0.141977798671 0.316576836954 0.400792400906 0.140413430974 
0.311335119868 0.278738872651 0.185593485616 0.2245490482 
0.0810362418408 0.132870920021 0.276629707863 0.50858038997 
0.252961962153 0.204932901529 0.244973569488 0.296897517267 
0.149299400507 0.173398464239 0.266758581676 0.409805949797 
0.00782405809314 0.0841807217813 0.259061634035 0.648467014643 
0.0345566353465 0.116789726211 0.266909445995 0.58082854665 
0.0181774815927 0.0579377302081 0.222292497897 0.701695572521 
0.0715566281126 0.232305936715 0.330025010886 0.366098761641 
0.0597937822956 0.179309591741 0.330388171204 0.430344710451 
0.00388827026499 0.0564157317051 0.26176281611 0.677991580855 
0.312132279446 0.298829620002 0.255081428244 0.132856999418 
0.0569860864247 0.270572982193 0.348684878751 0.323628160172 
0.0569861450575 0.270573285396 0.348685099199 0.323627490078 
0.102210304578 0.167613603797 0.255499496132 0.473646590555 
0.117527193657 0.180266477009 0.320062856065 0.382153006517 
0.291989423212 0.277326818131 0.229209377937 0.2012097035 
0.240853959012 0.224253906573 0.291072961618 0.244063036157 
0.0889948712305 0.10976501887 0.257996655019 0.542687478337 
0.0132054932545 0.0748491627645 0.245454161085 0.666336929641 
0.0153454774565 0.0897270414064 0.286248773816 0.608325085853 
0.112037560975 0.329327080325 0.271350804494 0.287517440765 
0.141929913668 0.316595885811 0.400795135969 0.140397731369 
0.160614316932 0.180155861043 0.287505983667 0.370617649988 
0.141976079517 0.316576966113 0.40079304487 0.140414798604 
0.141963447981 0.31657687611 0.400792192995 0.140407792233 
0.172304907931 0.249265909678 0.229189218172 0.349282476401 
0.160057466505 0.18168510644 0.236291621727 0.421910482061 
0.141932819206 0.316593950113 0.400794457996 0.140399309389 
0.24085554858 0.2242593727 0.291102061132 0.244016157792 
0.00388802688355 0.0564181270873 0.261784541916 0.677972932656 
0.178475572769 0.191339466163 0.25639358769 0.37313904629 
0.14197640579 0.316575160011 0.400793178287 0.140407119122 
0.095036064334 0.150549714432 0.24730979852 0.506554420927 
0.0306116717978 0.0560801032 0.270107743157 0.643298716981 
0.141976252185 0.3165758343 0.400789907962 0.140413619573 
0.297123395012 0.272403929004 0.201641909252 0.228821540215 
0.0390506008554 0.163294133209 0.325100906825 0.472300122783 
0.252963797829 0.204934220659 0.244972369604 0.296899039375 
0.131445847484 0.149280657143 0.236066941487 0.483266986836 
0.164013893301 0.185940442072 0.277315490675 0.371975788798 
0.114863563279 0.155150712851 0.257040750825 0.472322633326 
0.105479434217 0.24913125583 0.186961624472 0.458333378951 
0.0604651418173 0.120525258091 0.287569828874 0.530791170512 
0.070676201186 0.206410967976 0.309669737474 0.413273906417 
0.0217451131353 0.0948044792131 0.238693910264 0.644384013996 
0.0591034854481 0.140651765245 0.327718441126 0.472282992568 
0.0348529438547 0.108830121884 0.280911179665 0.574592079974 
0.00785567439754 0.100723393115 0.285498554232 0.605700698577 
0.0901700271761 0.247733498589 0.29171907379 0.370114593066 
0.198856834054 0.25278485012 0.299894001383 0.248806440598 
