1.38390065077e-07
7.31800306622e-06
0.0200694119156
0.00020187817695
1.01105808509e-07
0.00187358246307
2.05490841422e-05
4.13402474073e-07
0.011640134907
0.000238283158055
8.4405465586e-07
0.000225880764169
0.000148426711642
0.00603949236877
0.00369001845959
0.00216901015001
0.0490853409687
0.0927525381944
1.94090821282e-05
0.000208588416057
0.00056637850841
0.00916618537823
0.0
0.000925573522542
0.00538129956923
0.00138947046506
8.7359684768e-08
2.53218074945e-07
0.00709943676802
0.00035510091105
0.000268483300722
0.0158960759423
4.52515802056e-19
0.00724806192423
0.000755020942654
0.000507358703758
0.0035713370504
0.0561723428979
0.000313870569994
0.0160365090428
2.91342994743e-05
0.000208114408317
0.00772463824905
0.0108372599478
0.0259765386149
8.93583810875e-05
0.000284003409167
0.000190086420152
3.54493891999e-11
3.06593588325e-06
0.0010846809251
0.0122424378164
4.68870919499e-05
3.49763376827e-05
0.011898957385
1.22453501511e-07
0.000116148592717
0.00740199154864
3.33126697429e-06
0.00022178866781
3.55103892497e-07
9.46957211124e-05
0.00655743895733
7.32400894507e-08
5.61632563846e-11
0.00269061635348
0.00360300108836
0.000392161640235
1.2251297428e-05
0.0358714118006
1.53659002343e-05
0.00263311924151
9.66070311207e-05
8.63225346515e-06
0.00693126740009
7.31837245838e-05
5.62992137308e-05
0.000117835132013
2.2730836454e-05
0.000142347072805
0.0127555783377
0.000185688975757
0.000361295121418
6.72951344993e-05
8.80628269798e-05
0.00457632212574
0.00128999241144
7.39122598398e-08
0.0114311341198
0.000257067527305
0.00326316212256
0.0028229310916
1.33644090357e-10
0.00136590879678
9.40519298359e-09
0.00108855891486
7.66649215653e-05
0.000109804809698
8.05972009217e-05
4.91237524914e-05
0.000115098416374
0.00177804332893
1.22054416456e-11
0.00198185845483
0.00059071089208
0.00329152593478
0.000803519120657
0.00561010896541
4.25831611005e-06
0.0239810239575
2.33537577588e-310
7.02963208032e-06
0.00034007571856
1.14349676897e-11
0.000501559216079
2.02306441971e-06
0.000375246569007
0.000627571819264
1.57990397408e-17
5.74039876512e-10
2.57755004601e-06
2.2062802881e-07
0.000305446709526
0.000495600418359
5.14765754775e-10
3.0425733895e-15
0.00591104101873
2.1711412203e-10
0.0176934331092
0.000755886786593
0.00104491674336
0.00300975227609
0.000118853986475
0.0
0.000655361386923
4.22645354325e-05
1.54546058013e-05
1.49704239867e-05
0.000186485205369
1.46920864085e-13
6.97484190318e-09
0.0947853572829
0.00662789913869
0.00637544721169
9.27253102307e-08
0.000138835617098
1.81252842268e-11
8.83220761728e-05
0.000521944172898
0.00283888852643
0.047766528271
1.77222431201e-06
1.20385611497e-09
0.00412434891824
1.53872878331e-11
0.0248173077042
0.00221943027753
0.00270206422816
0.00315683354664
0.00895994893551
9.89692375875e-12
8.58090251574e-11
6.65407357807e-09
0.0011307346573
0.0155445722571
2.27600279054e-12
6.38013886121e-09
6.87460212376e-05
5.33242607061e-14
4.49346360554e-08
0.000743807638741
0.00132372052126
1.41991980538e-08
0.00327439863301
0.000291936792776
2.22869558815e-20
0.000131936318801
3.03731817259e-05
0.000121755985832
0.000210926307353
0.000355884298741
3.93518337421e-07
0.000189130739147
1.5538414788e-05
2.16507464396e-05
0.000902032588665
9.029565486e-10
0.00144306203786
8.3141334053e-05
0.00233083145079
2.84623333613e-05
7.41264349543e-11
0.000307704224728
3.90274373324e-09
1.5096226646e-07
0.00441631834376
0.00189935905914
3.68657608905e-13
1.10443701951e-13
0.00063882649572
4.6062396212e-06
1.01183039139e-12
0.0108302007468
1.57904540657e-05
0.000446029057558
3.04119264608e-07
0.000496744786567
1.03881545131e-08
2.6939244569e-05
2.34956969768e-05
7.20597930102e-07
2.38402157147e-09
2.31258016421e-13
2.15403868918e-05
2.32273904891e-13
0.000284542447411
0.000553721313944
1.83072627286e-11
3.9993613354e-06
0.00159688732173
0.00327580194355
1.06169792194e-06
5.80114156018e-09
8.84390519127e-05
0.000438391734828
0.0038394807635
3.16513530188e-05
0.000549307333416
0.000916790784867
0.000112837862083
1.17447911626e-10
0.00640625281784
2.39366178487e-11
1.45390965382e-10
7.32300665505e-05
6.19323308877e-10
0.0159193890573
0.00239399301058
5.65951875092e-08
0.000395127684436
7.19689111086e-11
0.00331264164681
0.00139896481103
5.31522492613e-05
0.00223072322472
0.00075663328572
0.00016310824944
1.8791945386e-11
2.61933155156e-15
0.00212664870155
9.94084698318e-06
6.79676914761e-08
0.000631348907498
0.000127997589843
0.00155340809775
2.24791534019e-89
1.52884371221e-16
1.93791843552e-17
1.74853041079e-05
2.50181376185e-07
1.57820767736e-22
0.00771945511555
4.57219261769e-15
0.000254713904517
5.20117644428e-08
1.08192685965e-09
3.85939356274e-07
0.00748070060987
0.000612567803989
3.12342944775e-272
5.25824564503e-05
8.22863562951e-06
7.73980399669e-14
7.56260006119e-10
3.14233821833e-10
0.0193217699921
4.83977367811e-05
0.000352352313681
9.32525589954e-05
0.000209331165044
4.37359675343e-05
2.43784984973e-08
1.31707796464e-15
1.33003091758e-24
2.2543682168e-10
0.000679287908137
0.000324038674805
7.0646757295e-28
0.00136041910068
0.000889076714147
8.13980276663e-26
4.1103158659e-07
1.73913770335e-26
4.31929037063e-06
0.00951015125751
4.02134539783e-20
0.0176521024709
0.000319400737691
0.00611843446581
0.00383650808435
1.78684214773e-10
4.76533956346e-33
0.000180534303815
0.0267070459727
7.88737513368e-24
2.14741209874e-31
7.5388646476e-16
1.85293207168e-290
6.11296050836e-28
0.000199756601637
0.000338709149926
5.60775495612e-46
1.15034402779e-07
4.87279271295e-10
9.49973247705e-40
0.000130473100708
2.32713739476e-29
5.87192087244e-09
8.66387776654e-19
2.3450417007e-06
7.99864288037e-05
0.00206351408453
8.00742972619e-12
1.27924617882e-14
5.5385238753e-06
0.000432669138929
3.21252719037e-09
0.0027451471906
0.000128559059129
0.000404422372975
1.8864995362e-05
4.70764307479e-62
1.14003109792e-12
1.33244565055e-09
8.98456581514e-05
0.000901830645273
1.83884661251e-60
0.00176037391821
0.000185274095819
0.0004291526584
1.24981708802e-35
4.86450277488e-39
1.11461202584e-23
0.000191147432575
9.38895094023e-12
7.66100939184e-05
0.000102208306424
8.31404864112e-18
3.81838819496e-13
1.2467866284e-05
0.00023514660071
1.15702770482e-11
3.68394060302e-05
0.00112483382973
0.000211049191304
1.13466932987e-05
1.96480235229e-06
0.00826732932338
1.85114149876e-05
8.25781844537e-11
1.16830960196e-10
3.85623425102e-06
0.000511402481691
0.000314995754139
1.54118453531e-05
2.23559494572e-07
3.87800378945e-05
0.000183517999865
0.000881005075488
8.64375829386e-07
4.79813668342e-79
0.00010969832173
3.78275572895e-20
9.57392092651e-13
2.31716629133e-11
0.00014503009645
1.93787487718e-76
3.32666189008e-08
2.50862436211e-06
1.38156783418e-08
7.66842782555e-14
5.61018546225e-10
2.96052725332e-05
1.06565045661e-17
2.89000579856e-05
0.000845271112112
3.15565342632e-05
9.86197604646e-06
1.80500872908e-05
2.12672286743e-05
1.11968652474e-11
0.000296561691752
0.00654650400938
0.000175838774046
0.00119313863015
0.000355990826979
8.33536842168e-05
0.00037706774484
0.000145825603396
