0.0
0.0
0.0
0.0
0.0
0.0
0.0
0.0
0.045830458304583044
0.0
0.0
0.0
0.0
0.015630156301563017
0.013330133301333013
0.008680086800868009
0.07677076770767707
0.024940249402494025
0.000970009700097001
0.0
0.0
0.022580225802258023
0.0
0.02970029700297003
0.001040010400104001
0.0
0.0
0.0
0.0
0.0
0.0
0.016380163801638016
0.0
0.0
0.04540045400454005
0.0
0.0
0.001150011500115001
0.002290022900229002
0.0
0.0
0.0
0.0
0.025920259202592028
0.07073070730707307
0.0
0.0
0.0
0.0
0.0
0.0006100061000610006
0.0
0.0
0.0
0.032880328803288034
0.0
0.0
0.0
0.0
0.0
0.0
0.006870068700687007
0.00963009630096301
0.0
0.0
0.0
0.0
0.0
0.004140041400414004
0.0
0.0
0.0
0.0025400254002540027
0.0
0.0
0.0
0.0
0.0
0.0
0.0
0.0016900169001690018
0.0
6.000060000600006e-05
0.0
0.0
0.022920229202292024
0.0
0.0
0.0006000060000600005
0.028600286002860027
0.0
0.006200062000620006
0.0
0.0
0.0
0.0
0.0
0.0
0.0
0.0
0.0
0.0
0.0
0.023500235002350024
0.0
0.050910509105091054
0.0
0.006780067800678006
0.0
0.006010060100601006
0.0
0.0
0.012760127601276013
0.0018600186001860018
0.0
0.0
0.00923009230092301
0.0
0.0
0.0
0.0
0.0
0.0
0.0
0.0
0.0
0.012150121501215012
0.0
0.0
0.0
0.0
0.0
0.0
0.0
4.000040000400004e-05
0.0
0.0
0.0
0.0
0.0
0.0
0.06021060210602106
2.000020000200002e-05
0.0
0.0
0.0
0.0
0.0
0.0
0.0
0.0
0.0
0.0
0.0
0.0
0.0
0.0
0.0
7.000070000700007e-05
0.04320043200432004
0.0
0.0
0.0
0.013280132801328013
0.0
0.0
0.0
0.0005400054000540005
0.0
0.0
0.0
0.0003000030000300003
0.0
0.01067010670106701
0.0
0.0
0.0
0.0
0.0
2.000020000200002e-05
0.0
0.0
0.0
0.0
0.0
0.0
0.0
0.03438034380343803
0.001890018900189002
0.02024020240202402
0.0
0.0
0.0
0.0
0.0
0.0
0.0
0.0
0.0
0.0
0.0
0.0
0.0
0.0
0.0
0.0
0.0048800488004880046
0.0
0.00014000140001400014
0.00015000150001500014
0.0
0.0
0.0
0.0
0.0
0.0
0.0
0.0
0.0
0.0
0.0
0.0
0.0
0.0
0.0
0.0
0.0
0.0
5.000050000500005e-05
0.0
0.0
4.000040000400004e-05
0.0
0.0
0.0
0.0
0.0
0.0
0.0
0.0
0.0
0.008080080800808008
0.0
5.000050000500005e-05
0.0
0.0
0.0
0.0
0.0
0.0
0.0
0.0
0.0
0.0
0.0
0.0
0.0
0.0
0.0
0.0
0.0
0.0
0.0
0.0
0.0
0.0
0.0
0.0
0.0
0.0
0.0
0.0
0.0
0.0
0.0
0.0
0.0
0.0
0.0
0.0
0.00033000330003300033
0.0
0.0
0.0
0.0
0.0
0.0
0.0
2.000020000200002e-05
0.0
0.0
0.0
0.0
0.0
0.0
0.0
6.000060000600006e-05
0.0
0.0
0.044410444104441046
0.0
0.0
0.0
0.0
0.0
0.0
0.0
0.0
0.0
0.0
0.0
0.0
0.0
0.0
0.0
0.0
0.0
0.0
0.0
0.0
0.0
0.004410044100441005
0.0
0.0
0.0
0.0
0.0
0.0
0.0
0.0
0.0
0.0
0.0
0.0
0.0
0.0
0.0
0.001080010800108001
0.0
0.0
0.0
0.0
0.0
0.0
0.0
0.0
0.0
0.0
0.0
0.0
0.024340243402434025
0.0
0.0
0.0
0.0
0.0
0.0
0.0
0.0
0.0
0.0
0.0
0.0
0.0
1.000010000100001e-05
0.0
0.0
0.0
0.001150011500115001
0.0
0.0
0.0
0.0
0.0
0.0
0.0
0.0
0.0
0.0
0.0
0.0
0.0
0.0
0.0
0.0
0.0
0.00023000230002300024
0.0
0.0
0.0
0.0
0.0
0.07389073890738908
0.0
0.0
0.0
0.01053010530105301
0.0
0.0
