0.0
0.0
0.0
0.0
0.0
0.0
0.0
0.0
22915.0
0.0
0.0
0.0
0.0
7815.0
6665.0
4340.0
38385.0
12470.0
485.0
0.0
0.0
11290.0
0.0
14850.0
520.0
0.0
0.0
0.0
0.0
0.0
0.0
8190.0
0.0
0.0
22700.0
0.0
0.0
575.0
1145.0
0.0
0.0
0.0
0.0
12960.0
35365.0
0.0
0.0
0.0
0.0
0.0
305.0
0.0
0.0
0.0
16440.0
0.0
0.0
0.0
0.0
0.0
0.0
3435.0
4815.0
0.0
0.0
0.0
0.0
0.0
2070.0
0.0
0.0
0.0
1270.0
0.0
0.0
0.0
0.0
0.0
0.0
0.0
845.0
0.0
30.0
0.0
0.0
11460.0
0.0
0.0
300.0
14300.0
0.0
3100.0
0.0
0.0
0.0
0.0
0.0
0.0
0.0
0.0
0.0
0.0
0.0
11750.0
0.0
25455.0
0.0
3390.0
0.0
3005.0
0.0
0.0
6380.0
930.0
0.0
0.0
4615.0
0.0
0.0
0.0
0.0
0.0
0.0
0.0
0.0
0.0
6075.0
0.0
0.0
0.0
0.0
0.0
0.0
0.0
20.0
0.0
0.0
0.0
0.0
0.0
0.0
30105.0
10.0
0.0
0.0
0.0
0.0
0.0
0.0
0.0
0.0
0.0
0.0
0.0
0.0
0.0
0.0
0.0
35.0
21600.0
0.0
0.0
0.0
6640.0
0.0
0.0
0.0
270.0
0.0
0.0
0.0
150.0
0.0
5335.0
0.0
0.0
0.0
0.0
0.0
10.0
0.0
0.0
0.0
0.0
0.0
0.0
0.0
17190.0
945.0
10120.0
0.0
0.0
0.0
0.0
0.0
0.0
0.0
0.0
0.0
0.0
0.0
0.0
0.0
0.0
0.0
0.0
2440.0
0.0
70.0
75.0
0.0
0.0
0.0
0.0
0.0
0.0
0.0
0.0
0.0
0.0
0.0
0.0
0.0
0.0
0.0
0.0
0.0
0.0
25.0
0.0
0.0
20.0
0.0
0.0
0.0
0.0
0.0
0.0
0.0
0.0
0.0
4040.0
0.0
25.0
0.0
0.0
0.0
0.0
0.0
0.0
0.0
0.0
0.0
0.0
0.0
0.0
0.0
0.0
0.0
0.0
0.0
0.0
0.0
0.0
0.0
0.0
0.0
0.0
0.0
0.0
0.0
0.0
0.0
0.0
0.0
0.0
0.0
0.0
0.0
0.0
165.0
0.0
0.0
0.0
0.0
0.0
0.0
0.0
10.0
0.0
0.0
0.0
0.0
0.0
0.0
0.0
30.0
0.0
0.0
22205.0
0.0
0.0
0.0
0.0
0.0
0.0
0.0
0.0
0.0
0.0
0.0
0.0
0.0
0.0
0.0
0.0
0.0
0.0
0.0
0.0
0.0
2205.0
0.0
0.0
0.0
0.0
0.0
0.0
0.0
0.0
0.0
0.0
0.0
0.0
0.0
0.0
0.0
540.0
0.0
0.0
0.0
0.0
0.0
0.0
0.0
0.0
0.0
0.0
0.0
0.0
12170.0
0.0
0.0
0.0
0.0
0.0
0.0
0.0
0.0
0.0
0.0
0.0
0.0
0.0
5.0
0.0
0.0
0.0
575.0
0.0
0.0
0.0
0.0
0.0
0.0
0.0
0.0
0.0
0.0
0.0
0.0
0.0
0.0
0.0
0.0
0.0
115.0
0.0
0.0
0.0
0.0
0.0
36945.0
0.0
0.0
0.0
5265.0
0.0
0.0
